0.000000	0.130443	0.127257	0.274064	0.275370	0.272436	0.277079	0.278156	0.274986	0.278489	0.280577	0.278470	0.277203	0.278853	0.265823	0.266628	0.266585	0.272222	0.267851	0.274389	0.273705	0.277729	0.271842	0.272966	0.262154	0.279305	0.277639	0.279690	0.274218	0.269612	0.268318	0.263507	0.271961	0.278432	0.275937	0.278190	0.262447	0.269816	0.263272	0.269780	0.268816	0.298751	0.267576	0.263724	
0.130443	0.000000	0.125659	0.272946	0.272234	0.273621	0.276102	0.278856	0.276436	0.273891	0.280054	0.275935	0.272911	0.279956	0.258696	0.267723	0.268397	0.267270	0.266203	0.272072	0.275766	0.270206	0.267327	0.269436	0.259083	0.277274	0.277129	0.276076	0.269783	0.271426	0.269985	0.260659	0.271062	0.277177	0.276129	0.279256	0.265203	0.268014	0.263786	0.268738	0.265329	0.299253	0.265189	0.262358	
0.127257	0.125659	0.000000	0.277130	0.275047	0.275491	0.280487	0.278801	0.276919	0.275080	0.280675	0.275281	0.276570	0.280188	0.281046	0.266338	0.265474	0.271636	0.270062	0.274982	0.275516	0.270951	0.269511	0.271657	0.259574	0.276468	0.275363	0.277837	0.271638	0.271370	0.269036	0.258859	0.270732	0.277023	0.275049	0.278633	0.266675	0.270440	0.263646	0.269194	0.265928	0.298166	0.262245	0.261089	
0.274064	0.272946	0.277130	0.000000	0.125104	0.124727	0.270560	0.277567	0.269798	0.273516	0.273663	0.269245	0.265166	0.269694	0.265393	0.258881	0.263196	0.258983	0.257773	0.262987	0.262915	0.261775	0.261868	0.262454	0.255762	0.267226	0.265491	0.271093	0.266880	0.268133	0.261321	0.253013	0.243873	0.263783	0.265072	0.263321	0.258265	0.262795	0.256698	0.264355	0.263385	0.286684	0.267454	0.263836	
0.275370	0.272234	0.275047	0.125104	0.000000	0.119736	0.271868	0.279709	0.268858	0.271922	0.274599	0.270010	0.266744	0.270350	0.263393	0.258254	0.260572	0.261101	0.259069	0.260718	0.257619	0.262622	0.260656	0.261599	0.260760	0.267231	0.266689	0.273408	0.270955	0.271073	0.260068	0.255036	0.244949	0.264842	0.265789	0.265906	0.263020	0.265480	0.260365	0.260487	0.261470	0.288084	0.265897	0.262879	
0.272436	0.273621	0.275491	0.124727	0.119736	0.000000	0.273882	0.277018	0.268825	0.271692	0.271829	0.277646	0.273710	0.275766	0.259640	0.262416	0.263610	0.261749	0.260536	0.268661	0.268203	0.267927	0.264250	0.260388	0.262717	0.275519	0.269021	0.280017	0.267246	0.267359	0.263479	0.257763	0.226648	0.265932	0.266205	0.266176	0.258028	0.260897	0.257197	0.261202	0.264804	0.287983	0.272257	0.264745	
0.277079	0.276102	0.280487	0.270560	0.271868	0.273882	0.000000	0.127530	0.272526	0.274923	0.276485	0.271878	0.269313	0.272941	0.236287	0.264922	0.266382	0.265843	0.258538	0.271997	0.271887	0.268711	0.267260	0.270358	0.258438	0.274054	0.275291	0.277057	0.269434	0.269949	0.260643	0.263406	0.252983	0.272859	0.275740	0.275169	0.265665	0.264403	0.258944	0.271372	0.271634	0.292249	0.266126	0.267130	
0.278156	0.278856	0.278801	0.277567	0.279709	0.277018	0.127530	0.000000	0.274854	0.276619	0.283113	0.269310	0.270447	0.271548	0.243187	0.268388	0.267748	0.270362	0.263462	0.274198	0.276887	0.271755	0.267403	0.268789	0.261188	0.277726	0.277838	0.279715	0.273208	0.270746	0.263064	0.264970	0.248210	0.277155	0.278040	0.275866	0.263589	0.267565	0.261462	0.272915	0.272263	0.290995	0.271041	0.269002	
0.274986	0.276436	0.276919	0.269798	0.268858	0.268825	0.272526	0.274854	0.000000	0.131970	0.132938	0.279289	0.275781	0.280843	0.276371	0.262299	0.268661	0.266712	0.262254	0.267762	0.271635	0.272130	0.264742	0.261405	0.260403	0.273944	0.274005	0.276826	0.267858	0.267426	0.266973	0.261307	0.259036	0.268580	0.267934	0.266921	0.263445	0.264331	0.262598	0.272486	0.271734	0.290772	0.262985	0.259975	
0.278489	0.273891	0.275080	0.273516	0.271922	0.271692	0.274923	0.276619	0.131970	0.000000	0.133002	0.280360	0.276566	0.280768	0.270073	0.259211	0.269111	0.266822	0.263300	0.272470	0.275192	0.273743	0.267203	0.260178	0.260724	0.277109	0.275472	0.279518	0.269132	0.270403	0.268781	0.261361	0.272230	0.271684	0.270069	0.273241	0.267938	0.271514	0.259227	0.265495	0.273092	0.295782	0.258643	0.259398	
0.280577	0.280054	0.280675	0.273663	0.274599	0.271829	0.276485	0.283113	0.132938	0.133002	0.000000	0.284681	0.281462	0.286372	0.283582	0.265608	0.273722	0.268178	0.267595	0.279995	0.285839	0.277683	0.272125	0.264793	0.266102	0.278139	0.277879	0.280572	0.270613	0.271351	0.269775	0.265788	0.278450	0.270927	0.272880	0.275699	0.266108	0.269125	0.262977	0.273393	0.275261	0.296366	0.268748	0.264487	
0.278470	0.275935	0.275281	0.269245	0.270010	0.277646	0.271878	0.269310	0.279289	0.280360	0.284681	0.000000	0.126830	0.125047	0.284501	0.264786	0.268763	0.261163	0.267799	0.272172	0.272568	0.269525	0.266088	0.267565	0.258387	0.271655	0.269394	0.275422	0.272972	0.268431	0.259947	0.261472	0.269745	0.280946	0.277952	0.277668	0.266395	0.259615	0.265027	0.269748	0.271228	0.291138	0.258660	0.262607	
0.277203	0.272911	0.276570	0.265166	0.266744	0.273710	0.269313	0.270447	0.275781	0.276566	0.281462	0.126830	0.000000	0.127833	0.244493	0.258508	0.261098	0.259026	0.262736	0.270942	0.271184	0.268352	0.267060	0.268415	0.257037	0.269551	0.263072	0.271315	0.267784	0.262395	0.255968	0.254649	0.256927	0.275461	0.275403	0.273705	0.266134	0.259807	0.258593	0.264823	0.266031	0.288632	0.258536	0.257907	
0.278853	0.279956	0.280188	0.269694	0.270350	0.275766	0.272941	0.271548	0.280843	0.280768	0.286372	0.125047	0.127833	0.000000	0.238901	0.263492	0.265027	0.262082	0.264579	0.272089	0.271695	0.272156	0.266325	0.271029	0.258780	0.271964	0.270277	0.273503	0.269664	0.266817	0.257334	0.261560	0.272727	0.282355	0.279699	0.277551	0.266288	0.263096	0.263128	0.272761	0.271730	0.296827	0.262537	0.261785	
0.265823	0.258696	0.281046	0.265393	0.263393	0.259640	0.236287	0.243187	0.276371	0.270073	0.283582	0.284501	0.244493	0.238901	0.000000	0.138889	0.120833	0.276008	0.249471	0.220557	0.258772	0.226013	0.286611	0.306763	0.272931	0.285714	0.286667	0.308855	0.271111	0.275574	0.257996	0.252874	0.253333	0.270455	0.254237	0.248945	0.265351	0.273109	0.262673	0.256410	0.237687	0.301887	0.295820	0.248352	
0.266628	0.267723	0.266338	0.258881	0.258254	0.262416	0.264922	0.268388	0.262299	0.259211	0.265608	0.264786	0.258508	0.263492	0.138889	0.000000	0.114486	0.255152	0.255672	0.264721	0.265529	0.265809	0.255369	0.252983	0.253752	0.257987	0.260221	0.260992	0.260163	0.258404	0.253344	0.251302	0.244772	0.257654	0.260175	0.257473	0.247833	0.252897	0.250018	0.257975	0.258736	0.284251	0.244865	0.247483	
0.266585	0.268397	0.265474	0.263196	0.260572	0.263610	0.266382	0.267748	0.268661	0.269111	0.273722	0.268763	0.261098	0.265027	0.120833	0.114486	0.000000	0.257357	0.255349	0.268969	0.267788	0.272681	0.260920	0.258713	0.251791	0.261721	0.264771	0.265446	0.262686	0.263171	0.254929	0.257448	0.263473	0.263063	0.262978	0.262106	0.252167	0.252875	0.257787	0.260177	0.262829	0.286668	0.247574	0.249645	
0.272222	0.267270	0.271636	0.258983	0.261101	0.261749	0.265843	0.270362	0.266712	0.266822	0.268178	0.261163	0.259026	0.262082	0.276008	0.255152	0.257357	0.000000	0.260676	0.266725	0.264569	0.262222	0.255688	0.256854	0.251976	0.264540	0.263832	0.267549	0.260228	0.256458	0.253130	0.247040	0.273484	0.262964	0.259552	0.263868	0.259778	0.254341	0.257063	0.254798	0.253231	0.287231	0.254218	0.258056	
0.267851	0.266203	0.270062	0.257773	0.259069	0.260536	0.258538	0.263462	0.262254	0.263300	0.267595	0.267799	0.262736	0.264579	0.249471	0.255672	0.255349	0.260676	0.000000	0.261518	0.264199	0.261968	0.257666	0.259563	0.250786	0.263115	0.262982	0.263182	0.257581	0.253028	0.257382	0.249862	0.217548	0.264599	0.260308	0.261869	0.245846	0.254560	0.251010	0.253860	0.256970	0.282657	0.251219	0.255624	
0.274389	0.272072	0.274982	0.262987	0.260718	0.268661	0.271997	0.274198	0.267762	0.272470	0.279995	0.272172	0.270942	0.272089	0.220557	0.264721	0.268969	0.266725	0.261518	0.000000	0.123927	0.127584	0.266226	0.269118	0.261236	0.274505	0.272715	0.276920	0.269491	0.266675	0.266573	0.258012	0.242497	0.267723	0.263855	0.265884	0.262282	0.265792	0.258915	0.267547	0.268010	0.288164	0.269211	0.265637	
0.273705	0.275766	0.275516	0.262915	0.257619	0.268203	0.271887	0.276887	0.271635	0.275192	0.285839	0.272568	0.271184	0.271695	0.258772	0.265529	0.267788	0.264569	0.264199	0.123927	0.000000	0.121878	0.261688	0.267734	0.264831	0.280594	0.276402	0.283433	0.269273	0.263585	0.264180	0.257452	0.226098	0.270346	0.270400	0.269409	0.263928	0.269442	0.261913	0.269261	0.269074	0.289245	0.263045	0.266014	
0.277729	0.270206	0.270951	0.261775	0.262622	0.267927	0.268711	0.271755	0.272130	0.273743	0.277683	0.269525	0.268352	0.272156	0.226013	0.265809	0.272681	0.262222	0.261968	0.127584	0.121878	0.000000	0.265059	0.267165	0.262265	0.275720	0.272648	0.275115	0.266133	0.264535	0.263789	0.258722	0.227895	0.265119	0.261879	0.266245	0.261851	0.263404	0.258037	0.269189	0.266006	0.287747	0.261624	0.265128	
0.271842	0.267327	0.269511	0.261868	0.260656	0.264250	0.267260	0.267403	0.264742	0.267203	0.272125	0.266088	0.267060	0.266325	0.286611	0.255369	0.260920	0.255688	0.257666	0.266226	0.261688	0.265059	0.000000	0.115024	0.251065	0.264865	0.262863	0.266650	0.255039	0.259362	0.255375	0.252268	0.276316	0.264114	0.267697	0.266183	0.253640	0.259042	0.254505	0.267046	0.264824	0.276348	0.257373	0.256758	
0.272966	0.269436	0.271657	0.262454	0.261599	0.260388	0.270358	0.268789	0.261405	0.260178	0.264793	0.267565	0.268415	0.271029	0.306763	0.252983	0.258713	0.256854	0.259563	0.269118	0.267734	0.267165	0.115024	0.000000	0.248729	0.269615	0.264292	0.268680	0.262058	0.260691	0.254705	0.251127	0.258953	0.263009	0.263772	0.263807	0.252825	0.257524	0.255564	0.265970	0.267368	0.281786	0.253414	0.258611	
0.262154	0.259083	0.259574	0.255762	0.260760	0.262717	0.258438	0.261188	0.260403	0.260724	0.266102	0.258387	0.257037	0.258780	0.272931	0.253752	0.251791	0.251976	0.250786	0.261236	0.264831	0.262265	0.251065	0.248729	0.000000	0.263918	0.264724	0.269814	0.256162	0.259358	0.247654	0.246617	0.264851	0.263552	0.266872	0.266323	0.247076	0.252174	0.251625	0.259434	0.259568	0.277140	0.248930	0.249067	
0.279305	0.277274	0.276468	0.267226	0.267231	0.275519	0.274054	0.277726	0.273944	0.277109	0.278139	0.271655	0.269551	0.271964	0.285714	0.257987	0.261721	0.264540	0.263115	0.274505	0.280594	0.275720	0.264865	0.269615	0.263918	0.000000	0.128123	0.127237	0.269947	0.265567	0.264594	0.260495	0.267990	0.275492	0.274741	0.272580	0.259358	0.266862	0.259425	0.264561	0.268651	0.291287	0.265395	0.264855	
0.277639	0.277129	0.275363	0.265491	0.266689	0.269021	0.275291	0.277838	0.274005	0.275472	0.277879	0.269394	0.263072	0.270277	0.286667	0.260221	0.264771	0.263832	0.262982	0.272715	0.276402	0.272648	0.262863	0.264292	0.264724	0.128123	0.000000	0.127357	0.269875	0.263467	0.264818	0.262632	0.259166	0.273690	0.273025	0.270046	0.260492	0.264628	0.259672	0.267029	0.269859	0.293105	0.266467	0.267913	
0.279690	0.276076	0.277837	0.271093	0.273408	0.280017	0.277057	0.279715	0.276826	0.279518	0.280572	0.275422	0.271315	0.273503	0.308855	0.260992	0.265446	0.267549	0.263182	0.276920	0.283433	0.275115	0.266650	0.268680	0.269814	0.127237	0.127357	0.000000	0.267029	0.264790	0.266098	0.262587	0.268620	0.272985	0.271908	0.269992	0.263924	0.264821	0.259915	0.267114	0.269367	0.289883	0.270198	0.266853	
0.274218	0.269783	0.271638	0.266880	0.270955	0.267246	0.269434	0.273208	0.267858	0.269132	0.270613	0.272972	0.267784	0.269664	0.271111	0.260163	0.262686	0.260228	0.257581	0.269491	0.269273	0.266133	0.255039	0.262058	0.256162	0.269947	0.269875	0.267029	0.000000	0.124673	0.259875	0.259412	0.254545	0.270238	0.271855	0.266800	0.256540	0.264508	0.257859	0.264779	0.264025	0.286766	0.264825	0.258164	
0.269612	0.271426	0.271370	0.268133	0.271073	0.267359	0.269949	0.270746	0.267426	0.270403	0.271351	0.268431	0.262395	0.266817	0.275574	0.258404	0.263171	0.256458	0.253028	0.266675	0.263585	0.264535	0.259362	0.260691	0.259358	0.265567	0.263467	0.264790	0.124673	0.000000	0.259824	0.260800	0.259880	0.269408	0.268551	0.264450	0.256983	0.260714	0.260157	0.260967	0.262283	0.284898	0.264044	0.257423	
0.268318	0.269985	0.269036	0.261321	0.260068	0.263479	0.260643	0.263064	0.266973	0.268781	0.269775	0.259947	0.255968	0.257334	0.257996	0.253344	0.254929	0.253130	0.257382	0.266573	0.264180	0.263789	0.255375	0.254705	0.247654	0.264594	0.264818	0.266098	0.259875	0.259824	0.000000	0.250690	0.287273	0.261166	0.262375	0.260117	0.255303	0.253892	0.251621	0.255990	0.255068	0.285283	0.254351	0.249047	
0.263507	0.260659	0.258859	0.253013	0.255036	0.257763	0.263406	0.264970	0.261307	0.261361	0.265788	0.261472	0.254649	0.261560	0.252874	0.251302	0.257448	0.247040	0.249862	0.258012	0.257452	0.258722	0.252268	0.251127	0.246617	0.260495	0.262632	0.262587	0.259412	0.260800	0.250690	0.000000	0.260026	0.252789	0.251529	0.259131	0.256797	0.254612	0.242718	0.253253	0.252978	0.277850	0.252952	0.250495	
0.271961	0.271062	0.270732	0.243873	0.244949	0.226648	0.252983	0.248210	0.259036	0.272230	0.278450	0.269745	0.256927	0.272727	0.253333	0.244772	0.263473	0.273484	0.217548	0.242497	0.226098	0.227895	0.276316	0.258953	0.264851	0.267990	0.259166	0.268620	0.254545	0.259880	0.287273	0.260026	0.000000	0.253866	0.262651	0.254502	0.252163	0.272838	0.264474	0.269649	0.253366	0.302991	0.259130	0.264631	
0.278432	0.277177	0.277023	0.263783	0.264842	0.265932	0.272859	0.277155	0.268580	0.271684	0.270927	0.280946	0.275461	0.282355	0.270455	0.257654	0.263063	0.262964	0.264599	0.267723	0.270346	0.265119	0.264114	0.263009	0.263552	0.275492	0.273690	0.272985	0.270238	0.269408	0.261166	0.252789	0.253866	0.000000	0.123175	0.125490	0.258124	0.263245	0.260644	0.266547	0.265241	0.289638	0.261383	0.259622	
0.275937	0.276129	0.275049	0.265072	0.265789	0.266205	0.275740	0.278040	0.267934	0.270069	0.272880	0.277952	0.275403	0.279699	0.254237	0.260175	0.262978	0.259552	0.260308	0.263855	0.270400	0.261879	0.267697	0.263772	0.266872	0.274741	0.273025	0.271908	0.271855	0.268551	0.262375	0.251529	0.262651	0.123175	0.000000	0.120139	0.252546	0.263040	0.258618	0.263944	0.262331	0.290259	0.265662	0.261400	
0.278190	0.279256	0.278633	0.263321	0.265906	0.266176	0.275169	0.275866	0.266921	0.273241	0.275699	0.277668	0.273705	0.277551	0.248945	0.257473	0.262106	0.263868	0.261869	0.265884	0.269409	0.266245	0.266183	0.263807	0.266323	0.272580	0.270046	0.269992	0.266800	0.264450	0.260117	0.259131	0.254502	0.125490	0.120139	0.000000	0.258815	0.265824	0.261817	0.263986	0.263875	0.290440	0.260122	0.258027	
0.262447	0.265203	0.266675	0.258265	0.263020	0.258028	0.265665	0.263589	0.263445	0.267938	0.266108	0.266395	0.266134	0.266288	0.265351	0.247833	0.252167	0.259778	0.245846	0.262282	0.263928	0.261851	0.253640	0.252825	0.247076	0.259358	0.260492	0.263924	0.256540	0.256983	0.255303	0.256797	0.252163	0.258124	0.252546	0.258815	0.000000	0.256257	0.250517	0.262675	0.262296	0.283852	0.250590	0.250953	
0.269816	0.268014	0.270440	0.262795	0.265480	0.260897	0.264403	0.267565	0.264331	0.271514	0.269125	0.259615	0.259807	0.263096	0.273109	0.252897	0.252875	0.254341	0.254560	0.265792	0.269442	0.263404	0.259042	0.257524	0.252174	0.266862	0.264628	0.264821	0.264508	0.260714	0.253892	0.254612	0.272838	0.263245	0.263040	0.265824	0.256257	0.000000	0.258653	0.259445	0.259160	0.284580	0.257996	0.253144	
0.263272	0.263786	0.263646	0.256698	0.260365	0.257197	0.258944	0.261462	0.262598	0.259227	0.262977	0.265027	0.258593	0.263128	0.262673	0.250018	0.257787	0.257063	0.251010	0.258915	0.261913	0.258037	0.254505	0.255564	0.251625	0.259425	0.259672	0.259915	0.257859	0.260157	0.251621	0.242718	0.264474	0.260644	0.258618	0.261817	0.250517	0.258653	0.000000	0.258451	0.257112	0.277358	0.257563	0.251605	
0.269780	0.268738	0.269194	0.264355	0.260487	0.261202	0.271372	0.272915	0.272486	0.265495	0.273393	0.269748	0.264823	0.272761	0.256410	0.257975	0.260177	0.254798	0.253860	0.267547	0.269261	0.269189	0.267046	0.265970	0.259434	0.264561	0.267029	0.267114	0.264779	0.260967	0.255990	0.253253	0.269649	0.266547	0.263944	0.263986	0.262675	0.259445	0.258451	0.000000	0.116584	0.291138	0.257522	0.260560	
0.268816	0.265329	0.265928	0.263385	0.261470	0.264804	0.271634	0.272263	0.271734	0.273092	0.275261	0.271228	0.266031	0.271730	0.237687	0.258736	0.262829	0.253231	0.256970	0.268010	0.269074	0.266006	0.264824	0.267368	0.259568	0.268651	0.269859	0.269367	0.264025	0.262283	0.255068	0.252978	0.253366	0.265241	0.262331	0.263875	0.262296	0.259160	0.257112	0.116584	0.000000	0.291711	0.261172	0.260557	
0.298751	0.299253	0.298166	0.286684	0.288084	0.287983	0.292249	0.290995	0.290772	0.295782	0.296366	0.291138	0.288632	0.296827	0.301887	0.284251	0.286668	0.287231	0.282657	0.288164	0.289245	0.287747	0.276348	0.281786	0.277140	0.291287	0.293105	0.289883	0.286766	0.284898	0.285283	0.277850	0.302991	0.289638	0.290259	0.290440	0.283852	0.284580	0.277358	0.291138	0.291711	0.000000	0.279072	0.280956	
0.267576	0.265189	0.262245	0.267454	0.265897	0.272257	0.266126	0.271041	0.262985	0.258643	0.268748	0.258660	0.258536	0.262537	0.295820	0.244865	0.247574	0.254218	0.251219	0.269211	0.263045	0.261624	0.257373	0.253414	0.248930	0.265395	0.266467	0.270198	0.264825	0.264044	0.254351	0.252952	0.259130	0.261383	0.265662	0.260122	0.250590	0.257996	0.257563	0.257522	0.261172	0.279072	0.000000	0.120568	
0.263724	0.262358	0.261089	0.263836	0.262879	0.264745	0.267130	0.269002	0.259975	0.259398	0.264487	0.262607	0.257907	0.261785	0.248352	0.247483	0.249645	0.258056	0.255624	0.265637	0.266014	0.265128	0.256758	0.258611	0.249067	0.264855	0.267913	0.266853	0.258164	0.257423	0.249047	0.250495	0.264631	0.259622	0.261400	0.258027	0.250953	0.253144	0.251605	0.260560	0.260557	0.280956	0.120568	0.000000	
